03:20:51 PM    650024   3272664     83.43    125840    197664   9072984     73.70
03:20:52 PM    633300   3289388     83.86    125840    197656   9072960     73.70
03:20:53 PM    627804   3294884     84.00    125840    197660   9075340     73.72
03:20:54 PM    613296   3309392     84.37    125852    197660   9075328     73.72
03:20:55 PM    605252   3317436     84.57    125852    197660   9075328     73.72
03:20:56 PM    596680   3326008     84.79    125852    197660   9075328     73.72
03:20:57 PM    591672   3331016     84.92    125852    197660   9080848     73.76
03:20:58 PM    585936   3336752     85.06    125852    197664   9086444     73.81
03:20:59 PM    580708   3341980     85.20    125860    197672   9099952     73.92
03:21:00 PM    573544   3349144     85.38    125860    197672   9144620     74.28
03:21:01 PM    567820   3354868     85.52    125860    197680   9157308     74.38
03:21:02 PM    562132   3360556     85.67    125860    197808   9162220     74.42
03:21:03 PM    561884   3360804     85.68    125860    197816   9162540     74.42
03:21:04 PM    541576   3381112     86.19    125868    197916   9265924     75.26
03:21:05 PM    499896   3422792     87.26    125868    198112   9464784     76.88
03:21:06 PM    470136   3452552     88.01    125868    198116   9464784     76.88
03:21:07 PM    452032   3470656     88.48    125868    198116   9467880     76.90
03:21:08 PM    434912   3487776     88.91    125868    198120   9467880     76.90
03:21:09 PM    426960   3495728     89.12    125876    198120   9467892     76.90
03:21:10 PM    420636   3502052     89.28    125876    198124   9467892     76.90
03:21:11 PM    413824   3508864     89.45    125876    198124   9467884     76.90
03:21:12 PM    401812   3520876     89.76    125876    198124   9467872     76.90
03:21:13 PM    387900   3534788     90.11    125876    198124   9469132     76.91
03:21:14 PM    381832   3540856     90.27    125884    198116   9469116     76.91
03:21:15 PM    371176   3551512     90.54    125884    198128   9470460     76.92
03:21:16 PM    369368   3553320     90.58    125884    198128   9471648     76.93
03:21:17 PM    353620   3569068     90.99    125884    198132   9471640     76.93
03:21:18 PM    345528   3577160     91.19    125884    198136   9471640     76.93
03:21:19 PM    341536   3581152     91.29    125892    198100   9471688     76.93
03:21:20 PM    340752   3581936     91.31    125892    198112   9474284     76.96
03:21:21 PM    337280   3585408     91.40    125892    198140   9474284     76.96
03:21:22 PM    335420   3587268     91.45    125892    198140   9474284     76.96
03:21:23 PM    334700   3587988     91.47    125892    198140   9474464     76.96
03:21:24 PM    333676   3589012     91.49    125900    198132   9476524     76.97
03:21:25 PM    332380   3590308     91.53    125900    198276   9478580     76.99
03:21:26 PM    328552   3594136     91.62    126032    198584   9479860     77.00
03:21:27 PM    321360   3601328     91.81    126032    198572   9479860     77.00
03:21:28 PM    316524   3606164     91.93    126032    198572   9481372     77.01
03:21:29 PM    318632   3604056     91.88    126044    198564   9481892     77.02
03:21:30 PM    305380   3617308     92.22    126044    198632   9481892     77.02
03:21:31 PM    300404   3622284     92.34    126044    198708   9481892     77.02
03:21:32 PM    301124   3621564     92.32    126044    198740   9481892     77.02
03:21:33 PM    298620   3624068     92.39    126044    198900   9482932     77.03
03:21:34 PM    293908   3628780     92.51    126044    198952   9485552     77.05
03:21:35 PM    290576   3632112     92.59    126056    198952   9487144     77.06
03:21:36 PM    285444   3637244     92.72    126184    198980   9494392     77.12
03:21:37 PM    282288   3640400     92.80    126184    198956   9496664     77.14
03:21:38 PM    277944   3644744     92.91    126184    198968   9505432     77.21
03:21:39 PM    169548   3753140     95.68    126188    198984   9616496     78.11
03:21:40 PM     94160   3828528     97.60    100148     93192   9823516     79.79
03:21:41 PM    100708   3821980     97.43     99520     86636   9825892     79.81
03:21:42 PM    103808   3818880     97.35     99344     83072   9827216     79.82
03:21:43 PM    105112   3817576     97.32     99312     82000   9827484     79.82
03:21:44 PM    107548   3815140     97.26     99132     80020   9828500     79.83
03:21:45 PM    304172   3618516     92.25     99108     81016   9608932     78.05
03:21:46 PM    300048   3622640     92.35     99136     84452   9609704     78.06
03:21:47 PM    297924   3624764     92.41     99156     86920   9609484     78.05
03:21:48 PM    292916   3629772     92.53     99356     88588   9698828     78.78
03:21:49 PM    286328   3636360     92.70     99356     91548   9702212     78.81
03:21:50 PM    273976   3648712     93.02     99376     93876   9800300     79.60
03:21:51 PM    262216   3660472     93.32     99388     97980   9807484     79.66
03:21:52 PM    254024   3668664     93.52     99388    104148   9808500     79.67
03:21:53 PM    246584   3676104     93.71     99388    107596   9809136     79.68
03:21:54 PM    233456   3689232     94.05     99388    118596   9809136     79.68
03:21:55 PM    218452   3704236     94.43     99516    132548   9809136     79.68
03:21:56 PM    199856   3722832     94.91     99808    142680   9809136     79.68
03:21:57 PM    612444   3310244     84.39     99936    145420   9272908     75.32
03:21:58 PM    606724   3315964     84.53     99940    148268   9273656     75.33
03:21:59 PM    598432   3324256     84.74     99964    150224   9275204     75.34
03:22:00 PM    585536   3337152     85.07     99964    152296   9275204     75.34
03:22:01 PM    572872   3349816     85.40     99976    152916   9275216     75.34
03:22:02 PM    557604   3365084     85.79    100048    155800   9276468     75.35
03:22:03 PM    551412   3371276     85.94    100056    159556   9276468     75.35
03:22:04 PM    543724   3378964     86.14    100056    161628   9276468     75.35
03:22:05 PM    538112   3384576     86.28    100056    166216   9278764     75.37
03:22:06 PM    534128   3388560     86.38    100056    166364   9279792     75.38
03:22:07 PM    523744   3398944     86.65    100068    166912   9280744     75.38
03:22:08 PM    517140   3405548     86.82    100100    167456   9287024     75.44
03:22:09 PM    489704   3432984     87.52    100220    167852   9297268     75.52
03:22:10 PM    488216   3434472     87.55    100220    173224   9297268     75.52
03:22:11 PM    474360   3448328     87.91    100220    187172   9297136     75.52
03:22:12 PM    466980   3455708     88.10    100228    192696   9298464     75.53
03:22:13 PM    464676   3458012     88.15    100228    194464   9298464     75.53
03:22:14 PM    460180   3462508     88.27    100228    198160   9299040     75.53
03:22:15 PM    450228   3472460     88.52    100232    200772   9300224     75.54
03:22:16 PM    435580   3487108     88.90    100232    201404   9300364     75.54
03:22:17 PM    436572   3486116     88.87    100240    201608   9300364     75.54
03:22:18 PM    598436   3324252     84.74    100372    178936   9179412     74.56
03:22:19 PM    598736   3323952     84.74    100392    179512   9159420     74.40
03:22:20 PM    691272   3231416     82.38    100396    179868   9054368     73.55
03:22:21 PM    691520   3231168     82.37    100400    179944   9054496     73.55
03:22:22 PM    691552   3231136     82.37    100400    179940   9054496     73.55
03:22:23 PM    691568   3231120     82.37    100400    179948   9054496     73.55
03:22:24 PM    692472   3230216     82.35    100412    180088   9042136     73.45
03:22:25 PM    810128   3112560     79.35    100412    179848   8870876     72.05